4
64 128 5 0
1 29
1 31
1 38
1 40
1 50
1 54
2 18
2 39
2 57
3 27
3 36
3 38
3 54
3 56
4 6
4 22
4 39
4 62
5 26
5 51
5 60
6 26
6 38
7 59
8 21
8 38
8 45
8 46
8 48
8 57
8 62
9 14
9 54
10 16
10 18
10 45
10 47
10 53
11 16
11 59
12 35
12 53
12 57
13 29
14 16
14 18
14 27
14 30
14 43
15 42
15 45
15 57
16 26
16 27
16 52
16 61
17 19
17 21
17 25
17 28
18 22
18 34
18 37
18 38
18 45
19 39
19 53
20 40
20 46
20 62
21 23
21 35
22 36
22 47
23 30
23 33
23 44
23 49
23 53
24 29
24 58
24 63
25 30
25 32
25 47
26 28
26 33
26 48
26 58
27 55
27 62
28 39
28 44
29 35
29 37
29 55
29 59
30 34
30 44
32 40
32 48
32 52
33 40
33 46
35 58
36 60
37 40
37 44
37 46
37 53
37 55
38 46
38 53
38 60
39 61
40 45
40 54
40 55
40 62
41 51
41 57
42 53
43 49
43 60
44 53
44 61
58 64
62 64
64 128 10 0
1 29
1 31
1 38
1 40
1 50
1 54
2 18
2 39
2 57
3 27
3 36
3 38
3 54
3 56
4 6
4 22
4 39
4 62
5 26
5 51
5 60
6 26
6 38
7 59
8 21
8 38
8 45
8 46
8 48
8 57
8 62
9 14
9 54
10 16
10 18
10 45
10 47
10 53
11 16
11 59
12 35
12 53
12 57
13 29
14 16
14 18
14 27
14 30
14 43
15 42
15 45
15 57
16 26
16 27
16 52
16 61
17 19
17 21
17 25
17 28
18 22
18 34
18 37
18 38
18 45
19 39
19 53
20 40
20 46
20 62
21 23
21 35
22 36
22 47
23 30
23 33
23 44
23 49
23 53
24 29
24 58
24 63
25 30
25 32
25 47
26 28
26 33
26 48
26 58
27 55
27 62
28 39
28 44
29 35
29 37
29 55
29 59
30 34
30 44
32 40
32 48
32 52
33 40
33 46
35 58
36 60
37 40
37 44
37 46
37 53
37 55
38 46
38 53
38 60
39 61
40 45
40 54
40 55
40 62
41 51
41 57
42 53
43 49
43 60
44 53
44 61
58 64
62 64
100 200 5 0
1 16
1 45
1 51
1 82
1 85
2 24
2 52
2 53
2 54
3 90
3 95
4 43
4 44
4 67
4 74
4 77
4 99
5 11
5 17
5 40
5 71
6 66
6 68
6 72
6 85
6 96
7 9
7 77
8 26
8 29
8 33
8 57
8 72
8 84
8 93
9 24
9 100
10 24
10 27
10 35
10 49
10 57
10 88
11 15
11 51
12 42
12 70
12 71
13 22
13 43
13 57
13 68
14 19
14 63
14 73
14 91
16 38
16 77
16 88
17 30
17 97
18 67
18 73
18 78
18 90
18 98
18 100
19 26
19 30
19 52
19 58
19 75
19 77
19 94
19 99
20 27
20 96
21 27
21 30
21 75
21 84
22 62
22 66
22 70
23 32
23 33
23 37
23 39
23 65
24 28
24 73
24 82
25 36
25 43
25 46
25 65
25 76
25 84
26 91
26 100
27 39
27 75
27 86
27 99
28 31
29 78
29 95
31 38
32 56
32 87
33 68
33 74
34 69
34 94
35 40
35 41
35 54
35 76
35 86
36 84
36 99
37 74
37 78
37 96
38 55
38 58
39 59
40 47
40 60
40 69
41 53
41 91
42 70
42 80
42 90
43 48
43 49
43 66
44 51
44 53
44 60
44 69
45 46
45 88
45 93
46 90
47 63
47 64
47 76
48 91
49 66
50 56
50 84
51 75
51 93
52 95
53 87
54 66
54 68
54 69
54 70
54 80
54 87
55 94
55 95
56 69
57 82
57 83
57 94
58 73
58 91
59 85
60 84
60 87
60 89
60 97
61 67
61 77
62 64
62 77
64 79
64 80
65 88
67 85
69 72
72 88
72 89
74 92
76 81
76 85
80 82
80 96
81 95
83 94
84 92
85 96
91 94
92 98
92 99
96 100
100 200 10 0
1 16
1 45
1 51
1 82
1 85
2 24
2 52
2 53
2 54
3 90
3 95
4 43
4 44
4 67
4 74
4 77
4 99
5 11
5 17
5 40
5 71
6 66
6 68
6 72
6 85
6 96
7 9
7 77
8 26
8 29
8 33
8 57
8 72
8 84
8 93
9 24
9 100
10 24
10 27
10 35
10 49
10 57
10 88
11 15
11 51
12 42
12 70
12 71
13 22
13 43
13 57
13 68
14 19
14 63
14 73
14 91
16 38
16 77
16 88
17 30
17 97
18 67
18 73
18 78
18 90
18 98
18 100
19 26
19 30
19 52
19 58
19 75
19 77
19 94
19 99
20 27
20 96
21 27
21 30
21 75
21 84
22 62
22 66
22 70
23 32
23 33
23 37
23 39
23 65
24 28
24 73
24 82
25 36
25 43
25 46
25 65
25 76
25 84
26 91
26 100
27 39
27 75
27 86
27 99
28 31
29 78
29 95
31 38
32 56
32 87
33 68
33 74
34 69
34 94
35 40
35 41
35 54
35 76
35 86
36 84
36 99
37 74
37 78
37 96
38 55
38 58
39 59
40 47
40 60
40 69
41 53
41 91
42 70
42 80
42 90
43 48
43 49
43 66
44 51
44 53
44 60
44 69
45 46
45 88
45 93
46 90
47 63
47 64
47 76
48 91
49 66
50 56
50 84
51 75
51 93
52 95
53 87
54 66
54 68
54 69
54 70
54 80
54 87
55 94
55 95
56 69
57 82
57 83
57 94
58 73
58 91
59 85
60 84
60 87
60 89
60 97
61 67
61 77
62 64
62 77
64 79
64 80
65 88
67 85
69 72
72 88
72 89
74 92
76 81
76 85
80 82
80 96
81 95
83 94
84 92
85 96
91 94
92 98
92 99
96 100
